        TIME,    TIDE,      OB,   SURGE,    BIAS,     TWL,SURGE90p,  TWL90p,SURGE10p,   TWL10p
202605081800,   4.415,9999.000,   0.300,9999.000,   4.715,   0.300,   4.715,   0.400,   4.815
202605081806,   4.412,9999.000,9999.000,9999.000,9999.000,9999.000,9999.000,9999.000,9999.000
202605081812,   4.404,9999.000,9999.000,9999.000,9999.000,9999.000,9999.000,9999.000,9999.000
202605081818,   4.391,9999.000,9999.000,9999.000,9999.000,9999.000,9999.000,9999.000,9999.000
202605081824,   4.372,9999.000,9999.000,9999.000,9999.000,9999.000,9999.000,9999.000,9999.000
202605081830,   4.349,9999.000,9999.000,9999.000,9999.000,9999.000,9999.000,9999.000,9999.000
202605081836,   4.320,9999.000,9999.000,9999.000,9999.000,9999.000,9999.000,9999.000,9999.000
202605081842,   4.286,9999.000,9999.000,9999.000,9999.000,9999.000,9999.000,9999.000,9999.000
202605081848,   4.247,9999.000,9999.000,9999.000,9999.000,9999.000,9999.000,9999.000,9999.000
202605081854,   4.203,9999.000,9999.000,9999.000,9999.000,9999.000,9999.000,9999.000,9999.000
202605081900,   4.154,9999.000,   0.400,9999.000,   4.554,   0.300,   4.454,   0.400,   4.554
202605081906,   4.100,9999.000,9999.000,9999.000,9999.000,9999.000,9999.000,9999.000,9999.000
202605081912,   4.042,9999.000,9999.000,9999.000,9999.000,9999.000,9999.000,9999.000,9999.000
202605081918,   3.981,9999.000,9999.000,9999.000,9999.000,9999.000,9999.000,9999.000,9999.000
202605081924,   3.915,9999.000,9999.000,9999.000,9999.000,9999.000,9999.000,9999.000,9999.000
202605081930,   3.846,9999.000,9999.000,9999.000,9999.000,9999.000,9999.000,9999.000,9999.000
202605081936,   3.774,9999.000,9999.000,9999.000,9999.000,9999.000,9999.000,9999.000,9999.000
202605081942,   3.699,9999.000,9999.000,9999.000,9999.000,9999.000,9999.000,9999.000,9999.000
202605081948,   3.622,9999.000,9999.000,9999.000,9999.000,9999.000,9999.000,9999.000,9999.000
202605081954,   3.543,9999.000,9999.000,9999.000,9999.000,9999.000,9999.000,9999.000,9999.000
202605082000,   3.462,9999.000,   0.500,9999.000,   3.962,   0.400,   3.862,   0.500,   3.962
202605082006,   3.380,9999.000,9999.000,9999.000,9999.000,9999.000,9999.000,9999.000,9999.000
202605082012,   3.297,9999.000,9999.000,9999.000,9999.000,9999.000,9999.000,9999.000,9999.000
202605082018,   3.214,9999.000,9999.000,9999.000,9999.000,9999.000,9999.000,9999.000,9999.000
202605082024,   3.130,9999.000,9999.000,9999.000,9999.000,9999.000,9999.000,9999.000,9999.000
202605082030,   3.045,9999.000,9999.000,9999.000,9999.000,9999.000,9999.000,9999.000,9999.000
202605082036,   2.961,9999.000,9999.000,9999.000,9999.000,9999.000,9999.000,9999.000,9999.000
202605082042,   2.877,9999.000,9999.000,9999.000,9999.000,9999.000,9999.000,9999.000,9999.000
202605082048,   2.794,9999.000,9999.000,9999.000,9999.000,9999.000,9999.000,9999.000,9999.000
202605082054,   2.711,9999.000,9999.000,9999.000,9999.000,9999.000,9999.000,9999.000,9999.000
202605082100,   2.629,9999.000,   0.500,9999.000,   3.129,   0.400,   3.029,   0.500,   3.129
202605082106,   2.547,9999.000,9999.000,9999.000,9999.000,9999.000,9999.000,9999.000,9999.000
202605082112,   2.467,9999.000,9999.000,9999.000,9999.000,9999.000,9999.000,9999.000,9999.000
202605082118,   2.387,9999.000,9999.000,9999.000,9999.000,9999.000,9999.000,9999.000,9999.000
202605082124,   2.309,9999.000,9999.000,9999.000,9999.000,9999.000,9999.000,9999.000,9999.000
202605082130,   2.231,9999.000,9999.000,9999.000,9999.000,9999.000,9999.000,9999.000,9999.000
202605082136,   2.156,9999.000,9999.000,9999.000,9999.000,9999.000,9999.000,9999.000,9999.000
202605082142,   2.081,9999.000,9999.000,9999.000,9999.000,9999.000,9999.000,9999.000,9999.000
202605082148,   2.008,9999.000,9999.000,9999.000,9999.000,9999.000,9999.000,9999.000,9999.000
202605082154,   1.937,9999.000,9999.000,9999.000,9999.000,9999.000,9999.000,9999.000,9999.000
202605082200,   1.867,9999.000,   0.500,9999.000,   2.367,   0.500,   2.367,   0.500,   2.367
202605082206,   1.799,9999.000,9999.000,9999.000,9999.000,9999.000,9999.000,9999.000,9999.000
202605082212,   1.734,9999.000,9999.000,9999.000,9999.000,9999.000,9999.000,9999.000,9999.000
202605082218,   1.670,9999.000,9999.000,9999.000,9999.000,9999.000,9999.000,9999.000,9999.000
202605082224,   1.608,9999.000,9999.000,9999.000,9999.000,9999.000,9999.000,9999.000,9999.000
202605082230,   1.548,9999.000,9999.000,9999.000,9999.000,9999.000,9999.000,9999.000,9999.000
202605082236,   1.491,9999.000,9999.000,9999.000,9999.000,9999.000,9999.000,9999.000,9999.000
202605082242,   1.436,9999.000,9999.000,9999.000,9999.000,9999.000,9999.000,9999.000,9999.000
202605082248,   1.384,9999.000,9999.000,9999.000,9999.000,9999.000,9999.000,9999.000,9999.000
202605082254,   1.334,9999.000,9999.000,9999.000,9999.000,9999.000,9999.000,9999.000,9999.000
202605082300,   1.287,9999.000,   0.500,9999.000,   1.787,   0.500,   1.787,   0.500,   1.787
202605082306,   1.242,9999.000,9999.000,9999.000,9999.000,9999.000,9999.000,9999.000,9999.000
202605082312,   1.200,9999.000,9999.000,9999.000,9999.000,9999.000,9999.000,9999.000,9999.000
202605082318,   1.161,9999.000,9999.000,9999.000,9999.000,9999.000,9999.000,9999.000,9999.000
202605082324,   1.125,9999.000,9999.000,9999.000,9999.000,9999.000,9999.000,9999.000,9999.000
202605082330,   1.092,9999.000,9999.000,9999.000,9999.000,9999.000,9999.000,9999.000,9999.000
202605082336,   1.062,9999.000,9999.000,9999.000,9999.000,9999.000,9999.000,9999.000,9999.000
202605082342,   1.035,9999.000,9999.000,9999.000,9999.000,9999.000,9999.000,9999.000,9999.000
202605082348,   1.012,9999.000,9999.000,9999.000,9999.000,9999.000,9999.000,9999.000,9999.000
202605082354,   0.991,9999.000,9999.000,9999.000,9999.000,9999.000,9999.000,9999.000,9999.000
202605090000,   0.975,9999.000,   0.400,9999.000,   1.375,   0.400,   1.375,   0.400,   1.375
202605090006,   0.962,9999.000,9999.000,9999.000,9999.000,9999.000,9999.000,9999.000,9999.000
202605090012,   0.953,9999.000,9999.000,9999.000,9999.000,9999.000,9999.000,9999.000,9999.000
202605090018,   0.948,9999.000,9999.000,9999.000,9999.000,9999.000,9999.000,9999.000,9999.000
202605090024,   0.948,9999.000,9999.000,9999.000,9999.000,9999.000,9999.000,9999.000,9999.000
202605090030,   0.952,9999.000,9999.000,9999.000,9999.000,9999.000,9999.000,9999.000,9999.000
202605090036,   0.961,9999.000,9999.000,9999.000,9999.000,9999.000,9999.000,9999.000,9999.000
202605090042,   0.975,9999.000,9999.000,9999.000,9999.000,9999.000,9999.000,9999.000,9999.000
202605090048,   0.995,9999.000,9999.000,9999.000,9999.000,9999.000,9999.000,9999.000,9999.000
202605090054,   1.020,9999.000,9999.000,9999.000,9999.000,9999.000,9999.000,9999.000,9999.000
202605090100,   1.050,9999.000,   0.400,9999.000,   1.450,   0.400,   1.450,   0.400,   1.450
202605090106,   1.087,9999.000,9999.000,9999.000,9999.000,9999.000,9999.000,9999.000,9999.000
202605090112,   1.130,9999.000,9999.000,9999.000,9999.000,9999.000,9999.000,9999.000,9999.000
202605090118,   1.179,9999.000,9999.000,9999.000,9999.000,9999.000,9999.000,9999.000,9999.000
202605090124,   1.235,9999.000,9999.000,9999.000,9999.000,9999.000,9999.000,9999.000,9999.000
202605090130,   1.297,9999.000,9999.000,9999.000,9999.000,9999.000,9999.000,9999.000,9999.000
202605090136,   1.365,9999.000,9999.000,9999.000,9999.000,9999.000,9999.000,9999.000,9999.000
202605090142,   1.440,9999.000,9999.000,9999.000,9999.000,9999.000,9999.000,9999.000,9999.000
202605090148,   1.521,9999.000,9999.000,9999.000,9999.000,9999.000,9999.000,9999.000,9999.000
202605090154,   1.608,9999.000,9999.000,9999.000,9999.000,9999.000,9999.000,9999.000,9999.000
202605090200,   1.700,9999.000,   0.400,9999.000,   2.100,   0.400,   2.100,   0.400,   2.100
202605090206,   1.798,9999.000,9999.000,9999.000,9999.000,9999.000,9999.000,9999.000,9999.000
202605090212,   1.900,9999.000,9999.000,9999.000,9999.000,9999.000,9999.000,9999.000,9999.000
202605090218,   2.007,9999.000,9999.000,9999.000,9999.000,9999.000,9999.000,9999.000,9999.000
202605090224,   2.117,9999.000,9999.000,9999.000,9999.000,9999.000,9999.000,9999.000,9999.000
202605090230,   2.231,9999.000,9999.000,9999.000,9999.000,9999.000,9999.000,9999.000,9999.000
202605090236,   2.347,9999.000,9999.000,9999.000,9999.000,9999.000,9999.000,9999.000,9999.000
202605090242,   2.465,9999.000,9999.000,9999.000,9999.000,9999.000,9999.000,9999.000,9999.000
202605090248,   2.584,9999.000,9999.000,9999.000,9999.000,9999.000,9999.000,9999.000,9999.000
202605090254,   2.704,9999.000,9999.000,9999.000,9999.000,9999.000,9999.000,9999.000,9999.000
202605090300,   2.824,9999.000,   0.400,9999.000,   3.224,   0.400,   3.224,   0.400,   3.224
202605090306,   2.943,9999.000,9999.000,9999.000,9999.000,9999.000,9999.000,9999.000,9999.000
202605090312,   3.061,9999.000,9999.000,9999.000,9999.000,9999.000,9999.000,9999.000,9999.000
202605090318,   3.176,9999.000,9999.000,9999.000,9999.000,9999.000,9999.000,9999.000,9999.000
202605090324,   3.290,9999.000,9999.000,9999.000,9999.000,9999.000,9999.000,9999.000,9999.000
202605090330,   3.401,9999.000,9999.000,9999.000,9999.000,9999.000,9999.000,9999.000,9999.000
202605090336,   3.508,9999.000,9999.000,9999.000,9999.000,9999.000,9999.000,9999.000,9999.000
202605090342,   3.612,9999.000,9999.000,9999.000,9999.000,9999.000,9999.000,9999.000,9999.000
202605090348,   3.712,9999.000,9999.000,9999.000,9999.000,9999.000,9999.000,9999.000,9999.000
202605090354,   3.808,9999.000,9999.000,9999.000,9999.000,9999.000,9999.000,9999.000,9999.000
202605090400,   3.900,9999.000,   0.400,9999.000,   4.300,   0.300,   4.200,   0.400,   4.300
202605090406,   3.987,9999.000,9999.000,9999.000,9999.000,9999.000,9999.000,9999.000,9999.000
202605090412,   4.071,9999.000,9999.000,9999.000,9999.000,9999.000,9999.000,9999.000,9999.000
202605090418,   4.151,9999.000,9999.000,9999.000,9999.000,9999.000,9999.000,9999.000,9999.000
202605090424,   4.226,9999.000,9999.000,9999.000,9999.000,9999.000,9999.000,9999.000,9999.000
202605090430,   4.298,9999.000,9999.000,9999.000,9999.000,9999.000,9999.000,9999.000,9999.000
202605090436,   4.365,9999.000,9999.000,9999.000,9999.000,9999.000,9999.000,9999.000,9999.000
202605090442,   4.430,9999.000,9999.000,9999.000,9999.000,9999.000,9999.000,9999.000,9999.000
202605090448,   4.490,9999.000,9999.000,9999.000,9999.000,9999.000,9999.000,9999.000,9999.000
202605090454,   4.547,9999.000,9999.000,9999.000,9999.000,9999.000,9999.000,9999.000,9999.000
202605090500,   4.602,9999.000,   0.400,9999.000,   5.002,   0.300,   4.902,   0.400,   5.002
202605090506,   4.652,9999.000,9999.000,9999.000,9999.000,9999.000,9999.000,9999.000,9999.000
202605090512,   4.700,9999.000,9999.000,9999.000,9999.000,9999.000,9999.000,9999.000,9999.000
202605090518,   4.745,9999.000,9999.000,9999.000,9999.000,9999.000,9999.000,9999.000,9999.000
202605090524,   4.787,9999.000,9999.000,9999.000,9999.000,9999.000,9999.000,9999.000,9999.000
202605090530,   4.825,9999.000,9999.000,9999.000,9999.000,9999.000,9999.000,9999.000,9999.000
202605090536,   4.861,9999.000,9999.000,9999.000,9999.000,9999.000,9999.000,9999.000,9999.000
202605090542,   4.892,9999.000,9999.000,9999.000,9999.000,9999.000,9999.000,9999.000,9999.000
202605090548,   4.921,9999.000,9999.000,9999.000,9999.000,9999.000,9999.000,9999.000,9999.000
202605090554,   4.945,9999.000,9999.000,9999.000,9999.000,9999.000,9999.000,9999.000,9999.000
202605090600,   4.966,9999.000,   0.400,9999.000,   5.366,   0.300,   5.266,   0.400,   5.366
202605090606,   4.983,9999.000,9999.000,9999.000,9999.000,9999.000,9999.000,9999.000,9999.000
202605090612,   4.995,9999.000,9999.000,9999.000,9999.000,9999.000,9999.000,9999.000,9999.000
202605090618,   5.002,9999.000,9999.000,9999.000,9999.000,9999.000,9999.000,9999.000,9999.000
202605090624,   5.004,9999.000,9999.000,9999.000,9999.000,9999.000,9999.000,9999.000,9999.000
202605090630,   5.002,9999.000,9999.000,9999.000,9999.000,9999.000,9999.000,9999.000,9999.000
202605090636,   4.994,9999.000,9999.000,9999.000,9999.000,9999.000,9999.000,9999.000,9999.000
202605090642,   4.980,9999.000,9999.000,9999.000,9999.000,9999.000,9999.000,9999.000,9999.000
202605090648,   4.961,9999.000,9999.000,9999.000,9999.000,9999.000,9999.000,9999.000,9999.000
202605090654,   4.936,9999.000,9999.000,9999.000,9999.000,9999.000,9999.000,9999.000,9999.000
202605090700,   4.906,9999.000,   0.400,9999.000,   5.306,   0.300,   5.206,   0.400,   5.306
202605090706,   4.870,9999.000,9999.000,9999.000,9999.000,9999.000,9999.000,9999.000,9999.000
202605090712,   4.828,9999.000,9999.000,9999.000,9999.000,9999.000,9999.000,9999.000,9999.000
202605090718,   4.781,9999.000,9999.000,9999.000,9999.000,9999.000,9999.000,9999.000,9999.000
202605090724,   4.729,9999.000,9999.000,9999.000,9999.000,9999.000,9999.000,9999.000,9999.000
202605090730,   4.672,9999.000,9999.000,9999.000,9999.000,9999.000,9999.000,9999.000,9999.000
202605090736,   4.610,9999.000,9999.000,9999.000,9999.000,9999.000,9999.000,9999.000,9999.000
202605090742,   4.543,9999.000,9999.000,9999.000,9999.000,9999.000,9999.000,9999.000,9999.000
202605090748,   4.473,9999.000,9999.000,9999.000,9999.000,9999.000,9999.000,9999.000,9999.000
202605090754,   4.398,9999.000,9999.000,9999.000,9999.000,9999.000,9999.000,9999.000,9999.000
202605090800,   4.321,9999.000,   0.300,9999.000,   4.621,   0.300,   4.621,   0.400,   4.721
202605090806,   4.240,9999.000,9999.000,9999.000,9999.000,9999.000,9999.000,9999.000,9999.000
202605090812,   4.156,9999.000,9999.000,9999.000,9999.000,9999.000,9999.000,9999.000,9999.000
202605090818,   4.071,9999.000,9999.000,9999.000,9999.000,9999.000,9999.000,9999.000,9999.000
202605090824,   3.983,9999.000,9999.000,9999.000,9999.000,9999.000,9999.000,9999.000,9999.000
202605090830,   3.894,9999.000,9999.000,9999.000,9999.000,9999.000,9999.000,9999.000,9999.000
202605090836,   3.803,9999.000,9999.000,9999.000,9999.000,9999.000,9999.000,9999.000,9999.000
202605090842,   3.712,9999.000,9999.000,9999.000,9999.000,9999.000,9999.000,9999.000,9999.000
202605090848,   3.619,9999.000,9999.000,9999.000,9999.000,9999.000,9999.000,9999.000,9999.000
202605090854,   3.527,9999.000,9999.000,9999.000,9999.000,9999.000,9999.000,9999.000,9999.000
202605090900,   3.434,9999.000,   0.300,9999.000,   3.734,   0.300,   3.734,   0.300,   3.734
202605090906,   3.341,9999.000,9999.000,9999.000,9999.000,9999.000,9999.000,9999.000,9999.000
202605090912,   3.248,9999.000,9999.000,9999.000,9999.000,9999.000,9999.000,9999.000,9999.000
202605090918,   3.155,9999.000,9999.000,9999.000,9999.000,9999.000,9999.000,9999.000,9999.000
202605090924,   3.063,9999.000,9999.000,9999.000,9999.000,9999.000,9999.000,9999.000,9999.000
202605090930,   2.971,9999.000,9999.000,9999.000,9999.000,9999.000,9999.000,9999.000,9999.000
202605090936,   2.880,9999.000,9999.000,9999.000,9999.000,9999.000,9999.000,9999.000,9999.000
202605090942,   2.790,9999.000,9999.000,9999.000,9999.000,9999.000,9999.000,9999.000,9999.000
202605090948,   2.701,9999.000,9999.000,9999.000,9999.000,9999.000,9999.000,9999.000,9999.000
202605090954,   2.613,9999.000,9999.000,9999.000,9999.000,9999.000,9999.000,9999.000,9999.000
202605091000,   2.525,9999.000,   0.300,9999.000,   2.825,   0.200,   2.725,   0.300,   2.825
202605091006,   2.439,9999.000,9999.000,9999.000,9999.000,9999.000,9999.000,9999.000,9999.000
202605091012,   2.354,9999.000,9999.000,9999.000,9999.000,9999.000,9999.000,9999.000,9999.000
202605091018,   2.270,9999.000,9999.000,9999.000,9999.000,9999.000,9999.000,9999.000,9999.000
202605091024,   2.188,9999.000,9999.000,9999.000,9999.000,9999.000,9999.000,9999.000,9999.000
202605091030,   2.107,9999.000,9999.000,9999.000,9999.000,9999.000,9999.000,9999.000,9999.000
202605091036,   2.028,9999.000,9999.000,9999.000,9999.000,9999.000,9999.000,9999.000,9999.000
202605091042,   1.950,9999.000,9999.000,9999.000,9999.000,9999.000,9999.000,9999.000,9999.000
202605091048,   1.875,9999.000,9999.000,9999.000,9999.000,9999.000,9999.000,9999.000,9999.000
202605091054,   1.801,9999.000,9999.000,9999.000,9999.000,9999.000,9999.000,9999.000,9999.000
202605091100,   1.729,9999.000,   0.300,9999.000,   2.029,   0.200,   1.929,   0.300,   2.029
202605091106,   1.659,9999.000,9999.000,9999.000,9999.000,9999.000,9999.000,9999.000,9999.000
202605091112,   1.591,9999.000,9999.000,9999.000,9999.000,9999.000,9999.000,9999.000,9999.000
202605091118,   1.526,9999.000,9999.000,9999.000,9999.000,9999.000,9999.000,9999.000,9999.000
202605091124,   1.463,9999.000,9999.000,9999.000,9999.000,9999.000,9999.000,9999.000,9999.000
202605091130,   1.402,9999.000,9999.000,9999.000,9999.000,9999.000,9999.000,9999.000,9999.000
202605091136,   1.343,9999.000,9999.000,9999.000,9999.000,9999.000,9999.000,9999.000,9999.000
202605091142,   1.287,9999.000,9999.000,9999.000,9999.000,9999.000,9999.000,9999.000,9999.000
202605091148,   1.234,9999.000,9999.000,9999.000,9999.000,9999.000,9999.000,9999.000,9999.000
202605091154,   1.183,9999.000,9999.000,9999.000,9999.000,9999.000,9999.000,9999.000,9999.000
202605091200,   1.135,9999.000,   0.300,9999.000,   1.435,   0.300,   1.435,   0.400,   1.535
202605091206,   1.090,9999.000,9999.000,9999.000,9999.000,9999.000,9999.000,9999.000,9999.000
202605091212,   1.048,9999.000,9999.000,9999.000,9999.000,9999.000,9999.000,9999.000,9999.000
202605091218,   1.009,9999.000,9999.000,9999.000,9999.000,9999.000,9999.000,9999.000,9999.000
202605091224,   0.973,9999.000,9999.000,9999.000,9999.000,9999.000,9999.000,9999.000,9999.000
202605091230,   0.940,9999.000,9999.000,9999.000,9999.000,9999.000,9999.000,9999.000,9999.000
202605091236,   0.912,9999.000,9999.000,9999.000,9999.000,9999.000,9999.000,9999.000,9999.000
202605091242,   0.887,9999.000,9999.000,9999.000,9999.000,9999.000,9999.000,9999.000,9999.000
202605091248,   0.866,9999.000,9999.000,9999.000,9999.000,9999.000,9999.000,9999.000,9999.000
202605091254,   0.850,9999.000,9999.000,9999.000,9999.000,9999.000,9999.000,9999.000,9999.000
202605091300,   0.838,9999.000,   0.300,9999.000,   1.138,   0.300,   1.138,   0.400,   1.238
202605091306,   0.831,9999.000,9999.000,9999.000,9999.000,9999.000,9999.000,9999.000,9999.000
202605091312,   0.830,9999.000,9999.000,9999.000,9999.000,9999.000,9999.000,9999.000,9999.000
202605091318,   0.834,9999.000,9999.000,9999.000,9999.000,9999.000,9999.000,9999.000,9999.000
202605091324,   0.843,9999.000,9999.000,9999.000,9999.000,9999.000,9999.000,9999.000,9999.000
202605091330,   0.859,9999.000,9999.000,9999.000,9999.000,9999.000,9999.000,9999.000,9999.000
202605091336,   0.880,9999.000,9999.000,9999.000,9999.000,9999.000,9999.000,9999.000,9999.000
202605091342,   0.909,9999.000,9999.000,9999.000,9999.000,9999.000,9999.000,9999.000,9999.000
202605091348,   0.943,9999.000,9999.000,9999.000,9999.000,9999.000,9999.000,9999.000,9999.000
202605091354,   0.984,9999.000,9999.000,9999.000,9999.000,9999.000,9999.000,9999.000,9999.000
202605091400,   1.032,9999.000,   0.300,9999.000,   1.332,   0.300,   1.332,   0.400,   1.432
202605091406,   1.086,9999.000,9999.000,9999.000,9999.000,9999.000,9999.000,9999.000,9999.000
202605091412,   1.147,9999.000,9999.000,9999.000,9999.000,9999.000,9999.000,9999.000,9999.000
202605091418,   1.214,9999.000,9999.000,9999.000,9999.000,9999.000,9999.000,9999.000,9999.000
202605091424,   1.287,9999.000,9999.000,9999.000,9999.000,9999.000,9999.000,9999.000,9999.000
202605091430,   1.365,9999.000,9999.000,9999.000,9999.000,9999.000,9999.000,9999.000,9999.000
202605091436,   1.449,9999.000,9999.000,9999.000,9999.000,9999.000,9999.000,9999.000,9999.000
202605091442,   1.538,9999.000,9999.000,9999.000,9999.000,9999.000,9999.000,9999.000,9999.000
202605091448,   1.631,9999.000,9999.000,9999.000,9999.000,9999.000,9999.000,9999.000,9999.000
202605091454,   1.728,9999.000,9999.000,9999.000,9999.000,9999.000,9999.000,9999.000,9999.000
202605091500,   1.828,9999.000,   0.300,9999.000,   2.128,   0.300,   2.128,   0.400,   2.228
202605091506,   1.931,9999.000,9999.000,9999.000,9999.000,9999.000,9999.000,9999.000,9999.000
202605091512,   2.036,9999.000,9999.000,9999.000,9999.000,9999.000,9999.000,9999.000,9999.000
202605091518,   2.142,9999.000,9999.000,9999.000,9999.000,9999.000,9999.000,9999.000,9999.000
202605091524,   2.249,9999.000,9999.000,9999.000,9999.000,9999.000,9999.000,9999.000,9999.000
202605091530,   2.356,9999.000,9999.000,9999.000,9999.000,9999.000,9999.000,9999.000,9999.000
202605091536,   2.462,9999.000,9999.000,9999.000,9999.000,9999.000,9999.000,9999.000,9999.000
202605091542,   2.568,9999.000,9999.000,9999.000,9999.000,9999.000,9999.000,9999.000,9999.000
202605091548,   2.672,9999.000,9999.000,9999.000,9999.000,9999.000,9999.000,9999.000,9999.000
202605091554,   2.774,9999.000,9999.000,9999.000,9999.000,9999.000,9999.000,9999.000,9999.000
202605091600,   2.874,9999.000,   0.400,9999.000,   3.274,   0.300,   3.174,   0.400,   3.274
202605091606,   2.971,9999.000,9999.000,9999.000,9999.000,9999.000,9999.000,9999.000,9999.000
202605091612,   3.065,9999.000,9999.000,9999.000,9999.000,9999.000,9999.000,9999.000,9999.000
202605091618,   3.157,9999.000,9999.000,9999.000,9999.000,9999.000,9999.000,9999.000,9999.000
202605091624,   3.245,9999.000,9999.000,9999.000,9999.000,9999.000,9999.000,9999.000,9999.000
202605091630,   3.329,9999.000,9999.000,9999.000,9999.000,9999.000,9999.000,9999.000,9999.000
202605091636,   3.411,9999.000,9999.000,9999.000,9999.000,9999.000,9999.000,9999.000,9999.000
202605091642,   3.489,9999.000,9999.000,9999.000,9999.000,9999.000,9999.000,9999.000,9999.000
202605091648,   3.564,9999.000,9999.000,9999.000,9999.000,9999.000,9999.000,9999.000,9999.000
202605091654,   3.636,9999.000,9999.000,9999.000,9999.000,9999.000,9999.000,9999.000,9999.000
202605091700,   3.705,9999.000,   0.400,9999.000,   4.105,   0.300,   4.005,   0.400,   4.105
202605091706,   3.772,9999.000,9999.000,9999.000,9999.000,9999.000,9999.000,9999.000,9999.000
202605091712,   3.835,9999.000,9999.000,9999.000,9999.000,9999.000,9999.000,9999.000,9999.000
202605091718,   3.897,9999.000,9999.000,9999.000,9999.000,9999.000,9999.000,9999.000,9999.000
202605091724,   3.955,9999.000,9999.000,9999.000,9999.000,9999.000,9999.000,9999.000,9999.000
202605091730,   4.012,9999.000,9999.000,9999.000,9999.000,9999.000,9999.000,9999.000,9999.000
202605091736,   4.066,9999.000,9999.000,9999.000,9999.000,9999.000,9999.000,9999.000,9999.000
202605091742,   4.118,9999.000,9999.000,9999.000,9999.000,9999.000,9999.000,9999.000,9999.000
202605091748,   4.168,9999.000,9999.000,9999.000,9999.000,9999.000,9999.000,9999.000,9999.000
202605091754,   4.215,9999.000,9999.000,9999.000,9999.000,9999.000,9999.000,9999.000,9999.000
202605091800,   4.259,9999.000,   0.400,9999.000,   4.659,   0.400,   4.659,   0.500,   4.759
202605091806,   4.301,9999.000,9999.000,9999.000,9999.000,9999.000,9999.000,9999.000,9999.000
202605091812,   4.341,9999.000,9999.000,9999.000,9999.000,9999.000,9999.000,9999.000,9999.000
202605091818,   4.377,9999.000,9999.000,9999.000,9999.000,9999.000,9999.000,9999.000,9999.000
202605091824,   4.410,9999.000,9999.000,9999.000,9999.000,9999.000,9999.000,9999.000,9999.000
202605091830,   4.439,9999.000,9999.000,9999.000,9999.000,9999.000,9999.000,9999.000,9999.000
202605091836,   4.464,9999.000,9999.000,9999.000,9999.000,9999.000,9999.000,9999.000,9999.000
202605091842,   4.485,9999.000,9999.000,9999.000,9999.000,9999.000,9999.000,9999.000,9999.000
202605091848,   4.502,9999.000,9999.000,9999.000,9999.000,9999.000,9999.000,9999.000,9999.000
